Iteration	CPUTime	PhysTime	Travels	Value	AvValue	MinValue	MaxValue	Delta	Criteria	Progress	dGMaxMin	CriteriaType	CriteriaVarType	CriteriaPercentage
1	8	0	0.0115323408	101346.734	101346.734	101346.734	101346.734	0	0	0	79953	0	0	3
2	11	0	0.0230646817	101337.711	101342.223	101337.711	101346.734	4.511264	0	0	59128.5	0	0	3
3	14	0	0.0345970225	101330.268	101338.238	101330.268	101346.734	8.49623073	0	0	51048.7	0	0	3
4	18	0	0.0461293634	101337.88	101338.148	101330.268	101346.734	8.58574892	0	0	42517.6	0	0	3
5	21	0	0.0576617042	101331.29	101336.777	101330.268	101346.734	9.95733692	0	0	41490.1	0	0	3
6	24	0	0.0691940451	101335.689	101336.595	101330.268	101346.734	10.138672	0	0	40177.6	0	0	3
7	27	0	0.0807263859	101334.138	101336.244	101330.268	101346.734	10.4897196	0	0	39125.4	0	0	3
8	30	0	0.0922587268	101334.546	101336.032	101330.268	101346.734	10.7020399	0	0	36936.3	0	0	3
9	33	0	0.103791068	101333.865	101335.791	101330.268	101346.734	10.9427759	0	0	35483.7	0	0	3
10	37	0	0.115323408	101333.927	101335.605	101330.268	101346.734	11.1292262	0	0	34544.9	0	0	3
11	40	0	0.126855749	101331.169	101335.201	101330.268	101346.734	11.5324365	0	0	33966.7	0	0	3
12	43	0	0.13838809	101330.542	101334.813	101330.268	101346.734	11.9207442	0	0	32747.5	0	0	3
13	46	0	0.149920431	101330.061	101334.448	101330.061	101346.734	12.2863096	0	0	31899.6	0	0	3
14	50	0	0.161452772	101330.055	101334.134	101330.055	101346.734	12.600089	0	0	31660.4	0	0	3
15	53	0	0.172985113	101327.295	101333.678	101327.295	101346.734	13.0560164	0	0	31202.6	0	0	3
16	57	0	0.184517454	101327.073	101333.265	101327.073	101346.734	13.4688024	0	0	31173	0	0	3
17	61	0	0.196049794	101324.026	101332.722	101324.026	101346.734	14.0122796	0	0	31727.2	0	0	3
18	65	0	0.207582135	101323.361	101332.202	101323.361	101346.734	14.5323076	0	0	31668.8	0	0	3
19	68	0	0.219114476	101321.742	101331.651	101321.742	101346.734	15.0827967	0	0	31608.8	0	0	3
20	72	0	0.230646817	101321.836	101331.16	101321.742	101346.734	15.5735456	0	0	31417.6	0	0	3
21	75	0	0.242179158	101320.375	101330.647	101320.375	101346.734	16.0871149	0	0	31102.7	0	0	3
22	79	0	0.253711499	101319.889	101330.158	101319.889	101346.734	16.5761189	0	0	31042.1	0	0	3
23	83	0	0.265243839	101319.657	101329.701	101319.657	101346.734	17.0326822	0	0	30688.2	0	0	3
24	87	0	0.27677618	101318.997	101329.255	101318.997	101346.734	17.4786695	0	0	30740.3	0	0	3
25	91	0	0.288308521	101318.765	101328.836	101318.765	101346.734	17.8982929	0	0	30304.9	0	0	3
26	94	0	0.299840862	101318.191	101328.426	101318.191	101346.734	18.3076853	0	0	30211.4	0	0	3
27	98	0	0.311373203	101317.698	101328.029	101317.698	101346.734	18.7050253	0	0	30204.5	0	0	3
28	101	0	0.322905544	101317.58	101327.656	101317.58	101346.734	19.0782052	0	0	29940.2	0	0	3
29	104	0	0.334437885	101317.415	101327.303	101317.415	101346.734	19.4313372	0	0	30005	0	0	3
30	108	0	0.345970225	101316.877	101326.955	101316.877	101346.734	19.7788683	0	0	29791.9	0	0	3
31	111	0	0.357502566	101316.17	101326.607	101316.17	101346.734	20.1267834	0	0	29958.8	0	0	3
32	115	0	0.369034907	101315.68	101326.266	101315.68	101346.734	20.4682535	0	0	30060.1	0	0	3
33	118	0	0.380567248	101315.454	101325.938	101315.454	101346.734	20.7958766	0	0	29915.9	0	0	3
34	123	0	0.392099589	101315.013	101325.617	101315.013	101346.734	21.1171992	0	0	30170.2	0	0	3
35	126	0	0.40363193	101314.793	101325.307	101314.793	101346.734	21.4264539	0	0	29795.7	0	0	3
36	131	0	0.41516427	101314.528	101325.008	101314.528	101346.734	21.7258742	0	0	29908.6	0	0	3
37	135	0	0.426696611	101314.058	101324.712	101314.058	101346.734	22.0218112	0	0	29659.6	0	0	3
38	139	0	0.438228952	101313.865	101324.427	101313.865	101346.734	22.3072725	0	0	29785.3	0	0	3
39	142	0	0.449761293	101313.568	101324.148	101313.568	101346.734	22.5856996	0	0	29529.3	0	0	3
40	147	0	0.461293634	101312.979	101323.869	101312.979	101346.734	22.8649224	0	0	29613.2	0	0	3
41	151	0	0.472825975	101312.463	101323.591	101312.463	101346.734	23.1431104	0	0	29510.3	0	0	3
42	155	0	0.484358315	101311.66	101323.307	101311.66	101346.734	23.4271813	0	0	29450.7	0	0	3
43	159	0	0.495890656	101310.952	101323.019	101310.952	101346.734	23.7144912	0	0	29374.7	0	0	3
44	163	0	0.507422997	101310.211	101322.728	101310.211	101346.734	24.005589	0	0	29170.9	0	0	3
45	167	0	0.518955338	101309.659	101321.886	101309.659	101337.88	20.3369451	0	0	29102.3	0	0	3
46	171	0	0.530487679	101309.219	101321.238	101309.219	101337.88	16.9995293	0	0	29092.8	0	0	3
47	174	0	0.54202002	101308.857	101320.751	101308.857	101337.88	17.3966284	0	0	29084.1	0	0	3
48	177	0	0.553552361	101308.618	101320.086	101308.618	101335.689	16.6900722	0	0	28904.9	0	0	3
49	180	0	0.565084701	101308.479	101319.568	101308.479	101335.689	17.0271697	0	0	29047.9	0	0	3
50	184	0	0.576617042	101308.239	101318.944	101308.239	101334.546	17.299976	0	0	29016	0	0	3
51	187	0	0.588149383	101308.25	101318.356	101308.239	101334.546	17.6760268	0	0	28958.2	0	0	3
52	190	0	0.599681724	101308.416	101317.762	101308.239	101333.927	18.0291436	0	0	29039.3	0	0	3
53	194	0	0.611214065	101308.641	101317.189	101308.239	101333.927	18.4159656	0	0	29066.6	0	0	3
54	197	0	0.622746406	101309.162	101316.626	101308.239	101331.169	18.5755918	0	0	29078.6	0	0	3
55	200	0	0.634278746	101309.403	101316.131	101308.239	101330.542	18.6819655	0	0	28968	0	0	3
56	203	0	0.645811087	101310.112	101315.667	101308.239	101330.061	18.780723	0	0	28974.1	0	0	3
57	206	0	0.657343428	101310.64	101315.225	101308.239	101330.055	18.9083134	0	0	28856.9	0	0	3
58	209	0	0.668875769	101311.424	101314.802	101308.239	101327.295	18.8758172	0	0	28861.9	0	0	3
59	211	0	0.68040811	101311.799	101314.45	101308.239	101327.073	18.8152062	0	0	28934.5	0	0	3
60	214	0	0.691940451	101312.423	101314.117	101308.239	101324.026	15.7870077	0	0	29012.3	0	0	3
61	216	0	0.703472792	101312.926	101313.865	101308.239	101323.361	15.122139	0	0	28885.5	0	0	3
62	219	0	0.715005132	101313.274	101313.635	101308.239	101321.836	13.5971479	0	0	29063	0	0	3
63	221	0	0.726537473	101313.636	101313.451	101308.239	101321.836	13.5971479	0	0	28936.4	0	0	3
64	224	0	0.738069814	101313.758	101313.268	101308.239	101320.375	12.1364206	0	0	28950.9	0	0	3
65	226	0	0.749602155	101313.993	101313.122	101308.239	101319.889	11.6497201	0	0	29005.5	0	0	3
66	229	0	0.761134496	101314.13	101312.992	101308.239	101319.657	11.4178471	0	0	29090.2	0	0	3
67	232	0	0.772666837	101314.257	101312.869	101308.239	101318.997	10.7585463	0	0	28966.7	0	0	3
68	234	0	0.784199177	101314.299	101312.762	101308.239	101318.765	10.5256677	0	0	29103.6	0	0	3
69	236	0	0.795731518	101314.251	101312.659	101308.239	101318.191	9.9524277	0	0	29015.9	0	0	3
70	238	0	0.807263859	101314.401	101312.573	101308.239	101317.698	9.45905663	0	0	28981.6	0	0	3
71	240	0	0.8187962	101314.087	101312.491	101308.239	101317.58	9.34085943	0	0	29081.5	0	0	3
72	243	0	0.830328541	101314.051	101312.411	101308.239	101317.415	9.17588799	0	0	29100.7	0	0	3
73	245	0	0.841860882	101314.04	101312.334	101308.239	101316.877	8.63765221	0	0	29011.6	0	0	3
74	247	0	0.853393223	101314.059	101312.27	101308.239	101316.17	7.93068779	0	0	29174	0	0	3
75	250	0	0.864925563	101314.013	101312.221	101308.239	101315.68	7.44109416	0	0	29068.1	0	0	3
76	252	0	0.876457904	101313.922	101312.181	101308.239	101315.454	7.21510647	0	0	29071.1	0	0	3
77	254	0	0.887990245	101313.832	101312.144	101308.239	101315.013	6.77407695	0	0	29118.5	0	0	3
78	256	0	0.899522586	101313.602	101312.112	101308.239	101314.793	6.55380851	0	0	29215.1	0	0	3
79	259	0	0.911054927	101313.682	101312.087	101308.239	101314.528	6.28933846	0	0	29015.6	0	0	3
80	261	0	0.922587268	101313.72	101312.069	101308.239	101314.401	6.16194416	0	0	29229.4	0	0	3
81	264	0	0.934119608	101313.765	101312.062	101308.239	101314.401	6.16194416	0	0	29018.5	0	0	3
82	266	0	0.945651949	101313.639	101312.057	101308.239	101314.401	6.16194416	0	0	29091.3	0	0	3
83	268	0	0.95718429	101313.715	101312.06	101308.239	101314.401	6.16194416	0	0	29021	0	0	3
84	270	0	0.968716631	101313.793	101312.079	101308.239	101314.401	6.16194416	0	0	29112.6	0	0	3
85	273	0	0.980248972	101313.699	101312.107	101308.239	101314.401	6.16194416	0	0	28974	0	0	3
86	275	0	0.991781313	101313.716	101312.154	101308.239	101314.401	6.16194416	0	0	28992.3	0	0	3
87	278	0	1.00331365	101313.671	101312.216	101308.239	101314.401	6.16194416	0.889218566	14.4	28918.5	0	0	3
88	280	0	1.01484599	101313.707	101312.295	101308.239	101314.401	6.16194416	0.889218566	14.4	29043.3	0	0	3
89	282	0	1.02637834	101313.681	101312.386	101308.239	101314.401	6.16194416	0.889218566	14.4	29028.1	0	0	3
90	284	0	1.03791068	101313.49	101312.483	101308.239	101314.401	6.16194416	0.889218566	14.4	28963.8	0	0	3
91	287	0	1.04944302	101313.568	101312.591	101308.239	101314.401	6.16194416	0.889218566	14.4	29124.4	0	0	3
92	289	0	1.06097536	101313.493	101312.701	101308.239	101314.401	6.16194416	0.889218566	14.4	29089.7	0	0	3
93	291	0	1.0725077	101313.469	101312.815	101308.239	101314.401	6.16194416	0.889218566	14.4	29085.7	0	0	3
94	294	0	1.08404004	101313.398	101312.932	101308.25	101314.401	6.15135585	0.889218566	14.4	29194.9	0	0	3
95	296	0	1.09557238	101313.48	101313.051	101308.416	101314.401	5.70488633	0.889218566	15.5	29216	0	0	3
96	298	0	1.10710472	101313.586	101313.168	101308.641	101314.401	5.13161396	0.889218566	17.3	29169.2	0	0	3
97	301	0	1.11863706	101313.678	101313.283	101309.162	101314.401	4.56877754	0.889218566	19.4	29315.5	0	0	3
98	303	0	1.1301694	101313.492	101313.381	101309.403	101314.401	4.07409609	0.889218566	21.8	29281.7	0	0	3
99	306	0	1.14170174	101313.421	101313.473	101310.112	101314.401	3.60977318	0.889218566	24.6	29258.1	0	0	3
100	309	0	1.15323408	101313.556	101313.551	101310.64	101314.401	3.1684034	0.889218566	28	29351.8	0	0	3
101	311	0	1.16476643	101313.53	101313.617	101311.424	101314.401	2.74497217	0.889218566	32.3	29344	0	0	3
102	313	0	1.17629877	101313.451	101313.663	101311.799	101314.401	2.3927972	0.889218566	37.1	29231.8	0	0	3
103	316	0	1.18783111	101313.564	101313.703	101312.423	101314.401	1.97749201	0.889218566	44.9	29330.9	0	0	3
104	318	0	1.19936345	101313.638	101313.73	101312.926	101314.401	1.47491883	0.889218566	60.2	29222.2	0	0	3
105	320	0	1.21089579	101313.518	101313.744	101313.274	101314.401	1.12658795	0.889218566	78.9	29181.8	0	0	3
106	322	0	1.22242813	101313.379	101313.746	101313.379	101314.401	1.02175069	0.889218566	87	29220.7	0	0	3
107	324	0	1.23396047	101313.379	101313.74	101313.379	101314.401	1.02176254	0.889218566	87	29245.2	0	0	3
108	326	0	1.24549281	101313.435	101313.733	101313.379	101314.401	1.02176254	0.889218566	87	29092.1	0	0	3
109	328	0	1.25702515	101313.55	101313.723	101313.379	101314.401	1.02176254	0.889218566	87	29276.2	0	0	3
110	330	0	1.26855749	101313.439	101313.707	101313.379	101314.401	1.02176254	0.889218566	87	29113.5	0	0	3
111	333	0	1.28008983	101313.454	101313.689	101313.379	101314.401	1.02176254	0.889218566	87	29139.9	0	0	3
112	335	0	1.29162217	101313.518	101313.671	101313.379	101314.401	1.02176254	0.889218566	87	29138.2	0	0	3
113	337	0	1.30315452	101313.538	101313.655	101313.379	101314.401	1.02176254	0.889218566	87	29198.9	0	0	3
114	339	0	1.31468686	101313.48	101313.634	101313.379	101314.087	0.707970648	0.889218566	100	29094.1	0	0	3
